24

1100000010 000 11000000 1110010011ος 1101110101] 0180011001, 011 ’1100000110οι between
80011001 001 10010010 0110001101 10 1101100011] 01 110-11000110 1010100001.
mamis 1000010 10100010. 1101.10101810.(1881). 180.

1101011 0110010000 111 'rum 1000100101 0001101001. 1100-1111. EM 10
’11101000 1100000 110001, 100. 1101. 10110 (1887). 800.

100οῶοὒ 000 ξἰ000001000 00 0110 1100000 001101001οη00, 1881-1887. 1101.
1001010001 1110011101 0000000100 ιι110 1ωο11 01 (1000011001 0 001100 MS.
&lgm 888, 1000τί01101. Edam by 811· 1101101 11110. 1 10110110 (1888),

Anam Lm 010 1000100000 00 11101010ος 0001011000 Im 0000101 under the
Angla-suen 110 ,1111 ’1100010100 01 110 8000ος 010110 001101 1111011 110
(10010000100 110 110 01 waliam 110 6000110101, 001 1100000011101 10 110 10
11οο0100010 1001001008οο 1001100001101111110 1011 eentum 001 01001001 ”
1010100 0111010010-80000 Im. 1111011 by 1001011111 1110010100. 1101.
10110 (1840),100. 8 1010. 10101810, 800.

1001000 100110 0110 1000110000 00 11010ος 0000110100 Im supposed 10 1100000101 by
110001 110 6001, 10011101 by 11ομ1011000 prior 10 110 (10000001 1111111011 1.; 001
0001001000 Im, pfindptlly 01 1001101000 which 000110001 1010100. With 1100010-
tion. 1100, 10110 1101100τί010, 0001010100 Digesta 0110110,οὼ01011] 01 110 nimian
(1010. &duod by ,11100010 011011, 100. 1 101. 10110 (1811), 110. 8 1010. 10001

100011 011 10000000 00 00 111010 00100001010100000101010000. 1111101 1011101000
1100000 1101001, 100. l Vol. 10γο1 810. (1811). 80.

100 60000 10110 00 000 1110, 8, 8, 1 111111. 11., 1100-1118. 111101 by 110 101.
1000011 11011100. 11011000181011811). 10. ed.

1110 60000 1011 00 0110 1110, l 110. 1., 1188-1100. 1111011 10110 101. 1000011
1010000. 1 101. 10101 810. (1811). 80.

110οο100000 11100000οι10 01 11101100 1110000110110 1811 0011111000101100,11010 110
1000110 01110 1100001 1100100111ιο001 10 110 1001001101. 00110010 1101101 (1011,
100. 1 101. 10010110 (1811). 150. 81.

110000 1010001 100υο000000. An Aneient 11001100 00 110 11010 01 holding the
1011001001 10 1001001. 111101 by 11101100 110010οΗ0001,100. 1 101810.

numi greg 8101111 1008001110 11011110 Publicis 0000110100. 1808-1101.
11110110 11101100 1100100010, 1100. 10110 (1811). 10081.

1010 00 000 1001100ιο00 00 88001000. 10110 (lau-187⁵). 111101 by 11101100
1110110011 001000001100010011 Vol. 1, 100. 10100001 8 (1011100 10110),οι0.
0030ξοοη ig 18010ιῖ ἶ, 17έ18, 8, 10, 001 11, 100. 11. 000110 Vol. 12 (Index), 080. Or, 18

1010 00 0110 100000 0100100 00 600010 0110 Comum (Aen 11010οε00011 01001-
00000). 1180-1101. 1101101100001110110011,100. 101. (1880). 10081.

1000 01 0110 Louna 01 00011011 110 81111ῦο0000 (Am 1100100000 80001111), 1118-
1101. 111101 by 1110000 1110110011, 100. 1101100880). 10081.

10000 Bou, 00 1001100 00 100110111οω0, 110100 01 100101, 10011 11101 1100011100, 000-
0010010100ου out 01 110 11010000, 41 1111.111.,1810. Edita by 1011000100
1101010100. 1 101110. (1808), 880. 01,10101810.,110.

100000 01 0110 1001100000, 1010001.;110ιο 110 Pell 11000110 111101 1011000000
1101010100. 1 101410. (1888), 800. 01, 10001 810.,110.

100000 00 000 1001100000, 110οη 111-110011 110 1101011010111010110. 1111011 by
'mm 1)·101· m. 110-00001100.. 0.,...000001

1101100000 10 1110 100100 1000000. By 1. 8. 1001100, 100., 80010101] 01 110 Publio
1000110100. 11011010181011818). 180.

111010010οι 10000 mum 00 0110 11101001 0110010110 fleury VIIL-Anne
(1800-1714). 111001 011010100οο 101 000011010100110 110100 01 110010. By
1. 8. 0000001100. 81010. 810. (1818). 100.

80000 100000, 0001110100 101011 00 110101 100 1100011 = 11111 1011000 0110100110 001
pm, 11 000. 010. (1000-1001), 10001001.
101 1,-1100100110 (1011000010οω. ι
1010. 11. a 111-00110000010000 1010000 10 1101001.
1010. 11. 11 10-001100000100001010110010 80011001.
1010. 11. 10 11.-(1000000010οο0 between 1001001 0011010100 eoum.

 

