0000000001000 0000000000. 455

0 demoror illooqos 0 000 0000 pur 00100 00001 00000 01100011
0011010 001ςο1000 10 111 noger par 0001Ι 000000 0 luy
000οο00 00 10000 1001 qil 10001 100000 luy 0 00 0010010.
111 001000 qil 10101000010 00 01001101 (10 1001001000 000
par luy 01 par 100 000001 10101 1000000001, 1000100000000001
01 1010000000010000100 01 tue. ’
musy* 10 111 1109001101 10100100 pu 10101010 roy 0000
10 granta 00010 quo 0010 000101 01 0001100001 de Salusbury
010000 01 armes 0000 quun qil poet 100100010οοτο 10 roy.
11110 000110 111 Roget 010110001000 0000300 0110000
01 armes 01 111 0001100001 000100 10 11101010000. Pur quoy
plunonrs [peres]⁴ 10 10 10000 0000010 00010 10100000100 01
011000 0001000 10 0000000 10 00 00000 00 00010001 poynt.
1110000000 10 00 100 prelata 00100001 0000001100 01 111
0001100001 00 000 0000000 pur 0000011100 0000 100 1000013000
’ 10 roy, 01 10 0001000, 10 111 Boger 10100000 1005 eos 1010
00000000 000 genta 100 000000 0000 100 11100 00010100, 01
100 00000000 10 000 01 10 membro 0110610100001 01100100
0 1100 000 10100 010007 00000100 00 0010010 018 0011000000.
11 00 0000000 10 00011000013 101 1001 que 10 roy luy 101
0001010 10 11000100, 01 1009 1000 01000000 100000 01 1000-
000010 00 1001001100001000 0000000. Et puis 10000 10 111
110300 0 0000 10 00 0000300 000100 001301000 10 roy 000000
00010 00010 10100000100 01 011000 pieres 10 1010000
tanqua 0 1110000100 10 000 yle 00101001 0000000010000010
roy, 00 111 pulemont 10 1001001000. Purquoy 10 111 00010
01100 011000 piem 10 10 10000 pur 0001000000 10 peryl quo
poet 000010, 010 000000000 10 roy 1000011001 01011100001
0000001000 pays 101000 qils 00 000001 000 1000 001301000
11ςο 0001000 00 0000011100 come 110 10000001.
- 1000 10 111 110300 101 10 roy 0101000100 1000111000001 0000
1000010 10 1000000100 01 011000 pieres 10 0001000 00100101001

0010130000 100000010 00100 pm du 0000001000000011100. 111

¹ 00000] 00000, RB. ⁶ 0010] si nul 10 eux, 111.

’11000οο margin 01 01001010 ⁷viem] 010000 que lui 10001,
80000100001100100. RB.

¹par 10 dit 001011 poor 0 lui 8010011οι0000] 00 001 point

0000010, 011. Ρ.Ι1.,001 in 0000001 RB.
0110101001ος 0100000 0100. 1010000 hein, 011. RB.
411000111. ¹⁰ 1000000000] 1100100111.

ι100000]0000,1’.11.

 

