438 ueneror 66166666

que 661611 666766 36666766 6 666166 16136666 16 167 61
16 666 166661, 666166 1666166666611616 166666 61 16 66
66666 66616666 Ι6616116 1161366 1663161666, ei 167 161166
1666666661 6676166666 61 16666116661 1666 166 6666 66 66
eolo proprement 16166 66 61661616 16 1661616116 por 766166
6661 ponere que 7666 6766 purprie 666 666166 6613666616
1167; 11 167 161166 juger per 666 16666 6666616 66666166
1676 61666666 6116 366616166166; 116661 161166 monitor,
mrtirirer 61 666616 16 1666 mort 61 6116666; 11 66616
66617676 6666116 61 11666116 1616166 61 61 11366 perrone 66
7666 poor 666166 16166616 166 661616666 6666661166. 1667
161166 66 meme 11616 ι16666676 pur mon dit seignour plus
tormentyr 666 berone 666 6167761666 66 66666 766666666
1667666 61 pondre, 61 puis juger 61 morte per 661 1666
6666616, 66666166 1676 61 666666, 61666166 dyepituoeement
6666 merny, Oome 6666616 1166666 161 1716, 6666616 Wil-
liom 166161, 6666616 ’1166166 1167161, 6666616 Η6667 16
Β66116666, 6666616 william (1166661, 6666616 Β6611616666776
16 1661616666 6 1661666, 6666616 Η6667 17616 6 111616-
66666, 6666616 16666676 16 1111666 6 (1166666166, 16
seignour (17116616, 61 6666616 16366 16 11666161336 6
Β6761616, 6666616 Η6667 16 1171763166, 61 6666616 Η6667 16
11661661 6 1176616166, 66666161166666 Oolpeyre 6161666666
366616; 6161166 366616 1616166 mettre 66 1666 prisone pur
166 66661666 6666 66666 pur 667671166 16 1666 16666, 6166666 'sm-⁰⁰¹·
16 66136666 16 1166176666 16 666766 6116 66616, 16 661366662548·
16 1176161676, 6666616 Η631 1166161676 16 pere 6116 fite,
166 6616616 16 (16616 16 Herefordo 6676616 666166 seignour
le 167; 11161 3666166166666 16666666 6666 661366666 6
16666 6616616 enprieone 6 66 66616676 puio 16 66671 1666
6613616666. 1 166 7666 demes, oome 16 deme 16661166 que
7666 666671 pur 36666 676166. 11 7666 6661166661 16
1616166 16166 (16 7666 67166166, 61 16167666 166666 61
joumbee tropo 116711666666661 66661166166166 16 61176166 6
666661661676 61666666; Per quoy 161666 deme 66161666
166666 616116 61 perdum 61 61666666 16 76616 6766 1611666
le 666616 6 peee 66 36661 6676616 6666 pite 61 6666676,
que 661661 66166 demes 16 36661 honour. 11 1666 jours
6666 6666 66 61 3666171116 1666, 66 16161 quo Dieu pur
66 666667 667676 666166 1666 deme 61 666 611666 16666, 61
166 16666 36616 que sont 76666 66 16666716, per quoy
le 6661666 661 erocum

 

