6666666666 6666666661. 457

6616616. 16666666 6666666 166661166 gravous, 6116116
61616 661 66666 66 666116 16 dit Boger.

Ε666 16 111 Roget 1666666661 61 6661161666666611611 16
discorde entre 16 piem 666166 661661666 16 666 61 16 66666
66 6666661666, 61 16 fist 66166166 66 61 616 661 66666 6
166, 611 16 661 166 16 661616 666161166 armo 'oue 61166
manere 16 66116661 666 11616 66666 611666 6611116166 61
161 11 1661 666 16 66666 66 6161 666 166666 666 661661666,
61 grant dishonour 16 6666116 1616 6661666, 61 damage
666 666 66 166666 666616 666 dieu 1616616.

’1666661 Eury 16 111 Roget 66 61 6616 61 16116 prendre devers³

²⁵⁵⁸· luy 61 166 611666 16 66 comparia⁴ 16 1666666 16 6666 6 66
6616616 6666 66666166 66 166666 61 jungas 66 16616666166
16 666, 166161 66 16 666 661 6166 16 661666 666 666
66666.

11666 16 111 Roget 61 61 1611 prendre 166666 166 61
166666 666611166166 xx. mille 66666 66666 666166666 hors
166 166666 666 161666661616 6666, 616166 66166666 61
666116 16 666.

1166616 111 116366 666 661666 par my 16 6661666 6661-
come roy 61 661661666 16 16116 61 66166 16661 166 611666
16 66 6661666 6666661ὅ 61166116 166 66616 61 61166166 66
16 66666616 16 666 66 16 66666 161, 66 16616666166 (161
666616 6666 16166 66666661 61166 66 61666 6616616.6

Eury 16 111 116666 666 666 6661 666666 161 16 666
gunter 6 16 montanee 16 66. 61616616667 6 66666 11161661
666 666661 1666 166 grantes 61 611666 16 16 16666 666
1666611616166616666 66 661166 6661666. Par 16666 16
6666 166611 61616 1661 666 66666 666666 66636616666 6166166
66616666 666166 som-me 16 [6161616166666116]8 pulemont

Bury 16 dit Boger comptam 1666666 (1661661 166 666666
16 666 61 166 666661166 16 66616 66666 11 66 6161661166
1116666661 61 66666 66666666 16 66666 66 miore 61 166
66661666 16 11161616 61 16 1616616666 61 61166616 66666116
16 666 66 166 6666111166 66666166 16, 6666 166 6661166661
(166166 16 6666666 166 666666 666 16 16, 66 1661666616616
66 6666661161666611116 Regem 16 66616 61666 11 afferma

¹ fist] 66161, PB. ⁶ merent] 6666666111.
2 666 altro am] om. RB. ⁸ 16661666, 611. RB.

⁸ 166666] 666,Ρ.11. ⁷ 61661666] chartres, RB.
4666666616]666666,Ρ.11.Ϊ 816666111.

 

